0.048780	0.000000	0.012195	0.939024
0.158537	0.048780	0.121951	0.670732
0.158537	0.048780	0.048780	0.743902
0.000000	0.000000	0.987805	0.012195
0.000000	0.012195	0.987805	0.000000
0.060976	0.487805	0.048780	0.402439
0.048780	0.060976	0.036585	0.853659
0.121951	0.109756	0.146341	0.621951
0.353659	0.195122	0.158537	0.292683
0.024390	0.012195	0.939024	0.024390
0.000000	0.036585	0.963415	0.000000
0.000000	0.951220	0.012195	0.036585
0.121951	0.292683	0.012195	0.573171
0.170732	0.268293	0.268293	0.292683
0.707317	0.024390	0.170732	0.097561
0.060976	0.000000	0.939024	0.000000
0.000000	0.914634	0.085366	0.000000
0.036585	0.951220	0.000000	0.012195
0.280488	0.268293	0.109756	0.341463
0.682927	0.085366	0.158537	0.073171
0.865854	0.048780	0.012195	0.073171
0.268293	0.073171	0.597561	0.060976
0.000000	0.963415	0.036585	0.000000
0.012195	0.987805	0.000000	0.000000
0.658537	0.097561	0.085366	0.158537
0.609756	0.109756	0.048780	0.231707
0.878049	0.024390	0.024390	0.073171